1.734876394271850586e+00 1.869560241699218750e+00 1.869560241699218750e+00 1.869560241699218750e+00 1.869560241699218750e+00 1.869560241699218750e+00 1.869560241699218750e+00 1.869564414024353027e+00 1.137066245079040527e+00 0.000000000000000000e+00 0.000000000000000000e+00 3.273800313472747803e-01 1.852484941482543945e+00 1.869560241699218750e+00 1.869560241699218750e+00 1.869560241699218750e+00 1.869560241699218750e+00 1.869560241699218750e+00 1.869560241699218750e+00 1.869560241699218750e+00 1.869560241699218750e+00 1.869560241699218750e+00 1.869560241699218750e+00 1.869560241699218750e+00 1.869560241699218750e+00 1.869560241699218750e+00 1.869560241699218750e+00 1.869560241699218750e+00 1.869560241699218750e+00 1.869560241699218750e+00 1.869560241699218750e+00 1.706127882003784180e+00
1.745597362518310547e+00 1.879364490509033203e+00 1.879364490509033203e+00 1.879364490509033203e+00 1.879364490509033203e+00 1.879364490509033203e+00 1.879364490509033203e+00 1.927915453910827637e+00 2.529164850711822510e-01 0.000000000000000000e+00 0.000000000000000000e+00 0.000000000000000000e+00 1.300142645835876465e+00 1.879364490509033203e+00 1.879364490509033203e+00 1.879364490509033203e+00 1.879364490509033203e+00 1.879364490509033203e+00 1.879364490509033203e+00 1.879364490509033203e+00 1.879364490509033203e+00 1.879364490509033203e+00 1.879364490509033203e+00 1.879364490509033203e+00 1.879364490509033203e+00 1.879364490509033203e+00 1.879364490509033203e+00 1.879364490509033203e+00 1.879364490509033203e+00 1.879364490509033203e+00 1.879364490509033203e+00 1.708141684532165527e+00
1.745597362518310547e+00 1.879364490509033203e+00 1.879364490509033203e+00 1.879364490509033203e+00 1.879364490509033203e+00 1.879364490509033203e+00 1.879364490509033203e+00 1.806784987449645996e+00 2.330118417739868164e-02 0.000000000000000000e+00 0.000000000000000000e+00 0.000000000000000000e+00 6.133013963699340820e-01 1.879364490509033203e+00 1.879364490509033203e+00 1.879364490509033203e+00 1.879364490509033203e+00 1.879364490509033203e+00 1.879364490509033203e+00 1.879364490509033203e+00 1.879364490509033203e+00 1.879364490509033203e+00 1.879364490509033203e+00 1.879364490509033203e+00 1.879364490509033203e+00 1.879364490509033203e+00 1.879364490509033203e+00 1.879364490509033203e+00 1.879364490509033203e+00 1.879364490509033203e+00 1.879364490509033203e+00 1.708141684532165527e+00
1.745597362518310547e+00 1.879364490509033203e+00 1.879364490509033203e+00 1.879364490509033203e+00 1.879364490509033203e+00 1.879364490509033203e+00 1.879364490509033203e+00 1.860309123992919922e+00 3.481092303991317749e-02 0.000000000000000000e+00 0.000000000000000000e+00 0.000000000000000000e+00 9.877662360668182373e-02 1.805826902389526367e+00 1.879364490509033203e+00 1.879364490509033203e+00 1.879364490509033203e+00 1.879364490509033203e+00 1.879364490509033203e+00 1.879364490509033203e+00 1.879364490509033203e+00 1.879364490509033203e+00 1.879364490509033203e+00 1.879364490509033203e+00 1.879364490509033203e+00 1.879364490509033203e+00 1.879364490509033203e+00 1.879364490509033203e+00 1.879364490509033203e+00 1.879364490509033203e+00 1.879364490509033203e+00 1.708141684532165527e+00
1.745597362518310547e+00 1.879364490509033203e+00 1.879364490509033203e+00 1.879364490509033203e+00 1.879364490509033203e+00 1.879364490509033203e+00 1.879364490509033203e+00 1.839657187461853027e+00 3.164793178439140320e-02 0.000000000000000000e+00 0.000000000000000000e+00 0.000000000000000000e+00 0.000000000000000000e+00 1.474621653556823730e+00 1.879364490509033203e+00 1.879364490509033203e+00 1.879364490509033203e+00 1.879364490509033203e+00 1.879364490509033203e+00 1.879364490509033203e+00 1.879364490509033203e+00 1.879364490509033203e+00 1.879364490509033203e+00 1.879364490509033203e+00 1.879364490509033203e+00 1.879364490509033203e+00 1.879364490509033203e+00 1.879364490509033203e+00 1.879364490509033203e+00 1.879364490509033203e+00 1.879364490509033203e+00 1.708141684532165527e+00
1.745597362518310547e+00 1.879364490509033203e+00 1.879364490509033203e+00 1.879364490509033203e+00 1.879364490509033203e+00 1.879364490509033203e+00 1.879364490509033203e+00 1.887533426284790039e+00 1.473040878772735596e-02 0.000000000000000000e+00 0.000000000000000000e+00 0.000000000000000000e+00 0.000000000000000000e+00 1.119238138198852539e+00 1.879364490509033203e+00 1.879364490509033203e+00 1.879364490509033203e+00 1.879364490509033203e+00 1.879364490509033203e+00 1.879364490509033203e+00 1.879364490509033203e+00 1.879364490509033203e+00 1.879364490509033203e+00 1.879364490509033203e+00 1.879364490509033203e+00 1.879364490509033203e+00 1.879364490509033203e+00 1.879364490509033203e+00 1.879364490509033203e+00 1.879364490509033203e+00 1.879364490509033203e+00 1.708141684532165527e+00
1.745597362518310547e+00 1.879364490509033203e+00 1.879364490509033203e+00 1.879364490509033203e+00 1.879364490509033203e+00 1.879364490509033203e+00 1.879364490509033203e+00 1.870265007019042969e+00 2.243967652320861816e-01 0.000000000000000000e+00 0.000000000000000000e+00 0.000000000000000000e+00 0.000000000000000000e+00 9.572045803070068359e-01 1.879364490509033203e+00 1.879364490509033203e+00 1.879364490509033203e+00 1.879364490509033203e+00 1.879364490509033203e+00 1.879364490509033203e+00 1.879364490509033203e+00 1.879364490509033203e+00 1.879364490509033203e+00 1.879364490509033203e+00 1.879364490509033203e+00 1.879364490509033203e+00 1.879364490509033203e+00 1.879364490509033203e+00 1.879364490509033203e+00 1.879364490509033203e+00 1.879364490509033203e+00 1.708141684532165527e+00
1.745597362518310547e+00 1.879364490509033203e+00 1.879364490509033203e+00 1.879364490509033203e+00 1.879364490509033203e+00 1.879364490509033203e+00 1.879364490509033203e+00 1.879364490509033203e+00 3.361267447471618652e-01 0.000000000000000000e+00 0.000000000000000000e+00 0.000000000000000000e+00 0.000000000000000000e+00 7.283024787902832031e-01 1.879364490509033203e+00 1.879364490509033203e+00 1.879364490509033203e+00 1.879364490509033203e+00 1.879364490509033203e+00 1.879364490509033203e+00 1.879364490509033203e+00 1.879364490509033203e+00 1.879364490509033203e+00 1.879364490509033203e+00 1.879364490509033203e+00 1.879364490509033203e+00 1.879364490509033203e+00 1.879364490509033203e+00 1.879364490509033203e+00 1.879364490509033203e+00 1.879364490509033203e+00 1.708141684532165527e+00
1.745597362518310547e+00 1.879364490509033203e+00 1.879364490509033203e+00 1.879364490509033203e+00 1.879364490509033203e+00 1.879364490509033203e+00 1.879364490509033203e+00 1.879364490509033203e+00 5.210731029510498047e-01 0.000000000000000000e+00 0.000000000000000000e+00 0.000000000000000000e+00 0.000000000000000000e+00 4.293518960475921631e-01 1.879364490509033203e+00 1.879364490509033203e+00 1.879364490509033203e+00 1.879364490509033203e+00 1.879364490509033203e+00 1.879364490509033203e+00 1.879364490509033203e+00 1.879364490509033203e+00 1.879364490509033203e+00 1.879364490509033203e+00 1.879364490509033203e+00 1.879364490509033203e+00 1.879364490509033203e+00 1.879364490509033203e+00 1.879364490509033203e+00 1.879364490509033203e+00 1.879364490509033203e+00 1.708141684532165527e+00
1.745597362518310547e+00 1.879364490509033203e+00 1.879364490509033203e+00 1.879364490509033203e+00 1.879364490509033203e+00 1.879364490509033203e+00 1.879364490509033203e+00 1.879364490509033203e+00 7.202947139739990234e-01 0.000000000000000000e+00 0.000000000000000000e+00 0.000000000000000000e+00 0.000000000000000000e+00 1.177830621600151062e-01 1.882347464561462402e+00 1.879364490509033203e+00 1.879364490509033203e+00 1.879364490509033203e+00 1.879364490509033203e+00 1.879364490509033203e+00 1.879364490509033203e+00 1.879364490509033203e+00 1.879364490509033203e+00 1.879364490509033203e+00 1.879364490509033203e+00 1.879364490509033203e+00 1.879364490509033203e+00 1.879364490509033203e+00 1.879364490509033203e+00 1.879364490509033203e+00 1.879364490509033203e+00 1.708141684532165527e+00
1.745597362518310547e+00 1.879364490509033203e+00 1.879364490509033203e+00 1.879364490509033203e+00 1.879364490509033203e+00 1.879364490509033203e+00 1.879364490509033203e+00 1.879364490509033203e+00 8.909968137741088867e-01 0.000000000000000000e+00 0.000000000000000000e+00 0.000000000000000000e+00 0.000000000000000000e+00 0.000000000000000000e+00 1.863090038299560547e+00 1.879364490509033203e+00 1.879364490509033203e+00 1.879364490509033203e+00 1.879364490509033203e+00 1.879364490509033203e+00 1.879364490509033203e+00 1.879364490509033203e+00 1.879364490509033203e+00 1.879364490509033203e+00 1.879364490509033203e+00 1.879364490509033203e+00 1.879364490509033203e+00 1.879364490509033203e+00 1.879364490509033203e+00 1.879364490509033203e+00 1.879364490509033203e+00 1.708141684532165527e+00
1.745597362518310547e+00 1.879364490509033203e+00 1.879364490509033203e+00 1.879364490509033203e+00 1.879364490509033203e+00 1.879364490509033203e+00 1.879364490509033203e+00 1.879364490509033203e+00 9.554452300071716309e-01 0.000000000000000000e+00 0.000000000000000000e+00 0.000000000000000000e+00 0.000000000000000000e+00 0.000000000000000000e+00 1.728566050529479980e+00 1.879364490509033203e+00 1.879364490509033203e+00 1.879364490509033203e+00 1.879364490509033203e+00 1.879364490509033203e+00 1.879364490509033203e+00 1.879364490509033203e+00 1.879364490509033203e+00 1.879364490509033203e+00 1.879364490509033203e+00 1.879364490509033203e+00 1.879364490509033203e+00 1.879364490509033203e+00 1.879364490509033203e+00 1.879364490509033203e+00 1.879364490509033203e+00 1.708141684532165527e+00
1.745597362518310547e+00 1.879364490509033203e+00 1.879364490509033203e+00 1.879364490509033203e+00 1.879364490509033203e+00 1.879364490509033203e+00 1.879364490509033203e+00 1.879364490509033203e+00 1.016326665878295898e+00 0.000000000000000000e+00 0.000000000000000000e+00 0.000000000000000000e+00 0.000000000000000000e+00 5.565157532691955566e-02 1.819977521896362305e+00 1.879364490509033203e+00 1.879364490509033203e+00 1.879364490509033203e+00 1.879364490509033203e+00 1.879364490509033203e+00 1.879364490509033203e+00 1.879364490509033203e+00 1.879364490509033203e+00 1.879364490509033203e+00 1.879364490509033203e+00 1.879364490509033203e+00 1.879364490509033203e+00 1.879364490509033203e+00 1.879364490509033203e+00 1.879364490509033203e+00 1.879364490509033203e+00 1.708141684532165527e+00
1.745597362518310547e+00 1.879364490509033203e+00 1.879364490509033203e+00 1.879364490509033203e+00 1.879364490509033203e+00 1.879364490509033203e+00 1.879364490509033203e+00 1.879364490509033203e+00 1.572089910507202148e+00 2.387825772166252136e-02 3.351728916168212891e-01 8.078271746635437012e-01 1.270268440246582031e+00 1.807917952537536621e+00 1.879468202590942383e+00 1.879364490509033203e+00 1.879364490509033203e+00 1.879364490509033203e+00 1.879364490509033203e+00 1.879364490509033203e+00 1.879364490509033203e+00 1.879364490509033203e+00 1.879364490509033203e+00 1.879364490509033203e+00 1.879364490509033203e+00 1.879364490509033203e+00 1.879364490509033203e+00 1.879364490509033203e+00 1.879364490509033203e+00 1.879364490509033203e+00 1.879364490509033203e+00 1.708141684532165527e+00
1.745597362518310547e+00 1.879364490509033203e+00 1.879364490509033203e+00 1.879364490509033203e+00 1.879364490509033203e+00 1.879364490509033203e+00 1.879364490509033203e+00 1.879364490509033203e+00 1.879325866699218750e+00 1.648970484733581543e+00 1.860734462738037109e+00 1.879364490509033203e+00 1.879364490509033203e+00 1.879364490509033203e+00 1.879364490509033203e+00 1.879364490509033203e+00 1.879364490509033203e+00 1.879364490509033203e+00 1.879364490509033203e+00 1.879364490509033203e+00 1.879364490509033203e+00 1.879364490509033203e+00 1.879364490509033203e+00 1.879364490509033203e+00 1.879364490509033203e+00 1.879364490509033203e+00 1.879364490509033203e+00 1.879364490509033203e+00 1.879364490509033203e+00 1.879364490509033203e+00 1.879364490509033203e+00 1.708141684532165527e+00
1.745597362518310547e+00 1.879364490509033203e+00 1.879364490509033203e+00 1.879364490509033203e+00 1.879364490509033203e+00 1.879364490509033203e+00 1.879364490509033203e+00 1.879364490509033203e+00 1.879364490509033203e+00 1.879364490509033203e+00 1.879364490509033203e+00 1.879364490509033203e+00 1.879364490509033203e+00 1.879364490509033203e+00 1.879364490509033203e+00 1.879364490509033203e+00 1.879364490509033203e+00 1.879364490509033203e+00 1.879364490509033203e+00 1.879364490509033203e+00 1.879364490509033203e+00 1.879364490509033203e+00 1.879364490509033203e+00 1.879364490509033203e+00 1.879364490509033203e+00 1.879364490509033203e+00 1.879364490509033203e+00 1.879364490509033203e+00 1.879364490509033203e+00 1.879364490509033203e+00 1.879364490509033203e+00 1.708141684532165527e+00
1.745597362518310547e+00 1.879364490509033203e+00 1.879364490509033203e+00 1.879364490509033203e+00 1.879364490509033203e+00 1.879364490509033203e+00 1.879364490509033203e+00 1.879364490509033203e+00 1.879364490509033203e+00 1.879364490509033203e+00 1.879364490509033203e+00 1.879364490509033203e+00 1.879364490509033203e+00 1.879364490509033203e+00 1.879364490509033203e+00 1.879364490509033203e+00 1.879364490509033203e+00 1.879364490509033203e+00 1.879364490509033203e+00 1.879364490509033203e+00 1.879364490509033203e+00 1.879364490509033203e+00 1.879364490509033203e+00 1.879364490509033203e+00 1.879364490509033203e+00 1.879364490509033203e+00 1.879364490509033203e+00 1.879364490509033203e+00 1.879364490509033203e+00 1.879364490509033203e+00 1.879364490509033203e+00 1.708141684532165527e+00
1.745597362518310547e+00 1.879364490509033203e+00 1.879364490509033203e+00 1.879364490509033203e+00 1.879364490509033203e+00 1.879364490509033203e+00 1.879364490509033203e+00 1.879364490509033203e+00 1.879364490509033203e+00 1.879364490509033203e+00 1.879364490509033203e+00 1.879364490509033203e+00 1.879364490509033203e+00 1.879364490509033203e+00 1.879364490509033203e+00 1.879364490509033203e+00 1.879364490509033203e+00 1.879364490509033203e+00 1.879364490509033203e+00 1.879364490509033203e+00 1.879364490509033203e+00 1.879364490509033203e+00 1.879364490509033203e+00 1.879364490509033203e+00 1.879364490509033203e+00 1.879364490509033203e+00 1.879364490509033203e+00 1.879364490509033203e+00 1.879364490509033203e+00 1.879364490509033203e+00 1.879364490509033203e+00 1.708141684532165527e+00
1.745597362518310547e+00 1.879364490509033203e+00 1.879364490509033203e+00 1.879364490509033203e+00 1.879364490509033203e+00 1.879364490509033203e+00 1.879364490509033203e+00 1.879364490509033203e+00 1.879364490509033203e+00 1.879364490509033203e+00 1.879364490509033203e+00 1.879364490509033203e+00 1.879364490509033203e+00 1.879364490509033203e+00 1.879364490509033203e+00 1.879364490509033203e+00 1.879364490509033203e+00 1.879364490509033203e+00 1.879364490509033203e+00 1.879364490509033203e+00 1.879364490509033203e+00 1.879364490509033203e+00 1.879364490509033203e+00 1.879364490509033203e+00 1.879364490509033203e+00 1.879364490509033203e+00 1.879364490509033203e+00 1.879364490509033203e+00 1.879364490509033203e+00 1.879364490509033203e+00 1.879364490509033203e+00 1.708141684532165527e+00
1.745597362518310547e+00 1.879364490509033203e+00 1.879364490509033203e+00 1.879364490509033203e+00 1.879364490509033203e+00 1.879364490509033203e+00 1.879364490509033203e+00 1.879364490509033203e+00 1.879364490509033203e+00 1.879364490509033203e+00 1.879364490509033203e+00 1.879364490509033203e+00 1.879364490509033203e+00 1.879364490509033203e+00 1.879364490509033203e+00 1.879364490509033203e+00 1.879364490509033203e+00 1.879364490509033203e+00 1.879364490509033203e+00 1.879364490509033203e+00 1.879364490509033203e+00 1.879364490509033203e+00 1.879364490509033203e+00 1.879364490509033203e+00 1.879364490509033203e+00 1.879364490509033203e+00 1.879364490509033203e+00 1.879364490509033203e+00 1.879364490509033203e+00 1.879364490509033203e+00 1.879364490509033203e+00 1.708141684532165527e+00
1.745597362518310547e+00 1.879364490509033203e+00 1.879364490509033203e+00 1.879364490509033203e+00 1.879364490509033203e+00 1.879364490509033203e+00 1.879364490509033203e+00 1.879364490509033203e+00 1.879364490509033203e+00 1.879364490509033203e+00 1.879364490509033203e+00 1.879364490509033203e+00 1.879364490509033203e+00 1.879364490509033203e+00 1.879364490509033203e+00 1.879364490509033203e+00 1.879364490509033203e+00 1.879364490509033203e+00 1.879364490509033203e+00 1.879364490509033203e+00 1.879364490509033203e+00 1.879364490509033203e+00 1.879364490509033203e+00 1.879364490509033203e+00 1.879364490509033203e+00 1.879364490509033203e+00 1.879364490509033203e+00 1.879364490509033203e+00 1.879364490509033203e+00 1.879364490509033203e+00 1.879364490509033203e+00 1.708141684532165527e+00
1.745597362518310547e+00 1.879364490509033203e+00 1.879364490509033203e+00 1.879364490509033203e+00 1.879364490509033203e+00 1.879364490509033203e+00 1.879364490509033203e+00 1.879364490509033203e+00 1.879364490509033203e+00 1.879364490509033203e+00 1.879364490509033203e+00 1.879364490509033203e+00 1.879364490509033203e+00 1.879364490509033203e+00 1.879364490509033203e+00 1.879364490509033203e+00 1.879364490509033203e+00 1.879364490509033203e+00 1.879364490509033203e+00 1.879364490509033203e+00 1.879364490509033203e+00 1.879364490509033203e+00 1.879364490509033203e+00 1.879364490509033203e+00 1.879364490509033203e+00 1.879364490509033203e+00 1.879364490509033203e+00 1.879364490509033203e+00 1.879364490509033203e+00 1.879364490509033203e+00 1.879364490509033203e+00 1.708141684532165527e+00
1.745597362518310547e+00 1.879364490509033203e+00 1.879364490509033203e+00 1.879364490509033203e+00 1.879364490509033203e+00 1.879364490509033203e+00 1.879364490509033203e+00 1.879364490509033203e+00 1.879364490509033203e+00 1.879364490509033203e+00 1.879364490509033203e+00 1.879364490509033203e+00 1.879364490509033203e+00 1.879364490509033203e+00 1.879364490509033203e+00 1.879364490509033203e+00 1.879364490509033203e+00 1.879364490509033203e+00 1.879364490509033203e+00 1.879364490509033203e+00 1.879364490509033203e+00 1.879364490509033203e+00 1.879364490509033203e+00 1.879364490509033203e+00 1.879364490509033203e+00 1.879364490509033203e+00 1.879364490509033203e+00 1.879364490509033203e+00 1.879364490509033203e+00 1.879364490509033203e+00 1.879364490509033203e+00 1.708141684532165527e+00
1.745597362518310547e+00 1.879364490509033203e+00 1.879364490509033203e+00 1.879364490509033203e+00 1.879364490509033203e+00 1.879364490509033203e+00 1.879364490509033203e+00 1.879364490509033203e+00 1.879364490509033203e+00 1.879364490509033203e+00 1.879364490509033203e+00 1.879364490509033203e+00 1.879364490509033203e+00 1.879364490509033203e+00 1.879364490509033203e+00 1.879364490509033203e+00 1.879364490509033203e+00 1.879364490509033203e+00 1.879364490509033203e+00 1.879364490509033203e+00 1.879364490509033203e+00 1.879364490509033203e+00 1.879364490509033203e+00 1.879364490509033203e+00 1.879364490509033203e+00 1.879364490509033203e+00 1.879364490509033203e+00 1.879364490509033203e+00 1.879364490509033203e+00 1.879364490509033203e+00 1.879364490509033203e+00 1.708141684532165527e+00
1.745597362518310547e+00 1.879364490509033203e+00 1.879364490509033203e+00 1.879364490509033203e+00 1.879364490509033203e+00 1.879364490509033203e+00 1.879364490509033203e+00 1.879364490509033203e+00 1.879364490509033203e+00 1.879364490509033203e+00 1.879364490509033203e+00 1.879364490509033203e+00 1.879364490509033203e+00 1.879364490509033203e+00 1.879364490509033203e+00 1.879364490509033203e+00 1.879364490509033203e+00 1.879364490509033203e+00 1.879364490509033203e+00 1.879364490509033203e+00 1.879364490509033203e+00 1.879364490509033203e+00 1.879364490509033203e+00 1.879364490509033203e+00 1.879364490509033203e+00 1.879364490509033203e+00 1.879364490509033203e+00 1.879364490509033203e+00 1.879364490509033203e+00 1.879364490509033203e+00 1.879364490509033203e+00 1.708141684532165527e+00
1.745597362518310547e+00 1.879364490509033203e+00 1.879364490509033203e+00 1.879364490509033203e+00 1.879364490509033203e+00 1.879364490509033203e+00 1.879364490509033203e+00 1.879364490509033203e+00 1.879364490509033203e+00 1.879364490509033203e+00 1.879364490509033203e+00 1.879364490509033203e+00 1.879364490509033203e+00 1.879364490509033203e+00 1.879364490509033203e+00 1.879364490509033203e+00 1.879364490509033203e+00 1.879364490509033203e+00 1.879364490509033203e+00 1.879364490509033203e+00 1.879364490509033203e+00 1.879364490509033203e+00 1.879364490509033203e+00 1.879364490509033203e+00 1.879364490509033203e+00 1.879364490509033203e+00 1.879364490509033203e+00 1.879364490509033203e+00 1.879364490509033203e+00 1.879364490509033203e+00 1.879364490509033203e+00 1.708141684532165527e+00
1.745597362518310547e+00 1.879364490509033203e+00 1.879364490509033203e+00 1.879364490509033203e+00 1.879364490509033203e+00 1.879364490509033203e+00 1.879364490509033203e+00 1.879364490509033203e+00 1.879364490509033203e+00 1.879364490509033203e+00 1.879364490509033203e+00 1.879364490509033203e+00 1.879364490509033203e+00 1.879364490509033203e+00 1.879364490509033203e+00 1.879364490509033203e+00 1.879364490509033203e+00 1.879364490509033203e+00 1.879364490509033203e+00 1.879364490509033203e+00 1.879364490509033203e+00 1.879364490509033203e+00 1.879364490509033203e+00 1.879364490509033203e+00 1.879364490509033203e+00 1.879364490509033203e+00 1.879364490509033203e+00 1.879364490509033203e+00 1.879364490509033203e+00 1.879364490509033203e+00 1.879364490509033203e+00 1.708141684532165527e+00
1.745597362518310547e+00 1.879364490509033203e+00 1.879364490509033203e+00 1.879364490509033203e+00 1.879364490509033203e+00 1.879364490509033203e+00 1.879364490509033203e+00 1.879364490509033203e+00 1.879364490509033203e+00 1.879364490509033203e+00 1.879364490509033203e+00 1.879364490509033203e+00 1.879364490509033203e+00 1.879364490509033203e+00 1.879364490509033203e+00 1.879364490509033203e+00 1.879364490509033203e+00 1.879364490509033203e+00 1.879364490509033203e+00 1.879364490509033203e+00 1.879364490509033203e+00 1.879364490509033203e+00 1.879364490509033203e+00 1.879364490509033203e+00 1.879364490509033203e+00 1.879364490509033203e+00 1.879364490509033203e+00 1.879364490509033203e+00 1.879364490509033203e+00 1.879364490509033203e+00 1.879364490509033203e+00 1.708141684532165527e+00
1.745597362518310547e+00 1.879364490509033203e+00 1.879364490509033203e+00 1.879364490509033203e+00 1.879364490509033203e+00 1.879364490509033203e+00 1.879364490509033203e+00 1.879364490509033203e+00 1.879364490509033203e+00 1.879364490509033203e+00 1.879364490509033203e+00 1.879364490509033203e+00 1.879364490509033203e+00 1.879364490509033203e+00 1.879364490509033203e+00 1.879364490509033203e+00 1.879364490509033203e+00 1.879364490509033203e+00 1.879364490509033203e+00 1.879364490509033203e+00 1.879364490509033203e+00 1.879364490509033203e+00 1.879364490509033203e+00 1.879364490509033203e+00 1.879364490509033203e+00 1.879364490509033203e+00 1.879364490509033203e+00 1.879364490509033203e+00 1.879364490509033203e+00 1.879364490509033203e+00 1.879364490509033203e+00 1.708141684532165527e+00
1.745597362518310547e+00 1.879364490509033203e+00 1.879364490509033203e+00 1.879364490509033203e+00 1.879364490509033203e+00 1.879364490509033203e+00 1.879364490509033203e+00 1.879364490509033203e+00 1.879364490509033203e+00 1.879364490509033203e+00 1.879364490509033203e+00 1.879364490509033203e+00 1.879364490509033203e+00 1.879364490509033203e+00 1.879364490509033203e+00 1.879364490509033203e+00 1.879364490509033203e+00 1.879364490509033203e+00 1.879364490509033203e+00 1.879364490509033203e+00 1.879364490509033203e+00 1.879364490509033203e+00 1.879364490509033203e+00 1.879364490509033203e+00 1.879364490509033203e+00 1.879364490509033203e+00 1.879364490509033203e+00 1.879364490509033203e+00 1.879364490509033203e+00 1.879364490509033203e+00 1.879364490509033203e+00 1.708141684532165527e+00
1.745597362518310547e+00 1.879364490509033203e+00 1.879364490509033203e+00 1.879364490509033203e+00 1.879364490509033203e+00 1.879364490509033203e+00 1.879364490509033203e+00 1.879364490509033203e+00 1.879364490509033203e+00 1.879364490509033203e+00 1.879364490509033203e+00 1.879364490509033203e+00 1.879364490509033203e+00 1.879364490509033203e+00 1.879364490509033203e+00 1.879364490509033203e+00 1.879364490509033203e+00 1.879364490509033203e+00 1.879364490509033203e+00 1.879364490509033203e+00 1.879364490509033203e+00 1.879364490509033203e+00 1.879364490509033203e+00 1.879364490509033203e+00 1.879364490509033203e+00 1.879364490509033203e+00 1.879364490509033203e+00 1.879364490509033203e+00 1.879364490509033203e+00 1.879364490509033203e+00 1.879364490509033203e+00 1.708141684532165527e+00
1.803968906402587891e+00 1.947368979454040527e+00 1.947368979454040527e+00 1.947368979454040527e+00 1.947368979454040527e+00 1.947368979454040527e+00 1.947368979454040527e+00 1.947368979454040527e+00 1.947368979454040527e+00 1.947368979454040527e+00 1.947368979454040527e+00 1.947368979454040527e+00 1.947368979454040527e+00 1.947368979454040527e+00 1.947368979454040527e+00 1.947368979454040527e+00 1.947368979454040527e+00 1.947368979454040527e+00 1.947368979454040527e+00 1.947368979454040527e+00 1.947368979454040527e+00 1.947368979454040527e+00 1.947368979454040527e+00 1.947368979454040527e+00 1.947368979454040527e+00 1.947368979454040527e+00 1.947368979454040527e+00 1.947368979454040527e+00 1.947368979454040527e+00 1.947368979454040527e+00 1.947368979454040527e+00 1.774475455284118652e+00
